			100
||     2116429302
||      683743814
||      964393174
||     1217426631
||      618433579
||     1157240309
||       15726055
||       48108509
||     1797920909
||      477424540
||      630124341
||       91375319
||     1437231315
||     2144849483
||      412552120
||      608684286
||      893929302
||      667617813
||      441960700
||     1973272912
||      318116072
||      361051641
||      878948671
||      437013544
||     1224367840
||     1668828049
||      705915772
||      859296840
||      874088476
||      281629770
||     1595687457
||     1578286321
||     1282193691
||     1514249593
||      937850627
||      795142974
||     1087931934
||      308220729
||      625586489
||       20006270
||      388936473
||      580730706
||     1786709782
||     2052760039
||      880874773
||     1557931365
||     1785163919
||      722811035
||       84002912
||     1280689831
||     1696480745
||      119763405
||      394719439
||     1828793482
||      465390103
||      635305874
||     2084085107
||     1916226186
||     1752686824
||     2096730329
||      597205536
||     2135764043
||      348767350
||     1429098776
||     1625388426
||      714699596
||     1814425307
||       37759019
||     1832170335
||     1933576050
||      535888947
||        2301274
||      277146151
||      108712051
||      653372109
||     1650372348
||       11828060
||     1944416980
||      870208508
||      913566091
||      170773924
||     2031433873
||       24028487
||     1624389642
||     1501875324
||     2025331957
||      734278215
||      714682359
||     1278376480
||      246780520
||     1963246089
||     1003044454
||     1097724590
||      288815704
||       52896775
||      578597725
||     1431177456
||      446714821
||     1981285077
||     1363774876
